dataset_info:
  scaling_applied: true
  test_size: 340052
  train_size: 3228875
features:
  categorical:
  - type_sim_0.0
  - type_sim_1.0
  - type_sim_2.0
  continuous:
  - log(t)
  - log(t_coll/t_cc)
  - M_tot/M_crit
  - log(rho(R_h))
  - log(R_h/R_core)
  target:
  - M_MMO/M_tot
metrics:
  aggregate:
    mean_mae: 3698.4662539147976
    mean_r2: 0.3515105099996086
    mean_rmse: 4649.36384841772
    std_mae: 20.82981661729556
    std_r2: 0.010094612673321783
    std_rmse: 36.23989761580567
  per_fold:
  - fold: 0
    mae: 3707.8061413437044
    mse: 21704932.887840506
    r2: 0.3488864546190269
    rmse: 4658.855319479293
  - fold: 1
    mae: 3674.6010988854955
    mse: 21245856.01507514
    r2: 0.36265803234162486
    rmse: 4609.322728457527
  - fold: 2
    mae: 3712.9915215151914
    mse: 21901590.342363648
    r2: 0.34298704303817407
    rmse: 4679.913497316339
model_params:
  bagging_fraction: 0.4190422030313432
  bagging_freq: 4
  feature_fraction: 0.7227886177209483
  lambda_l1: 4.072236645382559
  lambda_l2: 4.427218302811227
  learning_rate: 0.01307829732050843
  max_depth: 3
  min_child_samples: 84
  n_estimators: 500
  num_leaves: 16
  tweedie_variance_power: 1.2780171863473313
model_type: lightgbm
n_folds: 3
timestamp: '20250912_022610'
