dataset_info:
  scaling_applied: true
  test_size: 340052
  train_size: 3228875
features:
  categorical:
  - type_sim_0.0
  - type_sim_1.0
  - type_sim_2.0
  continuous:
  - log(t)
  - log(t_coll/t_cc)
  - M_tot/M_crit
  - log(rho(R_h))
  - log(R_h/R_core)
  target:
  - M_MMO/M_tot
metrics:
  aggregate:
    mean_mae: 3390.04345703125
    mean_r2: 0.34070704380671185
    mean_rmse: 4687.334467844212
    std_mae: 208.98754355793332
    std_r2: 0.02766986069551371
    std_rmse: 98.66802845614582
  per_fold:
  - fold: 0
    mae: 3625.34716796875
    mse: 22806052.0
    r2: 0.31585466861724854
    rmse: 4775.568238440322
  - fold: 1
    mae: 3318.7587890625
    mse: 22143042.0
    r2: 0.33574384450912476
    rmse: 4705.639382698168
  - fold: 2
    mae: 3226.0244140625
    mse: 20983690.0
    r2: 0.3705226182937622
    rmse: 4580.795782394146
model_params:
  bagging_fraction: 0.6736419905302216
  bagging_freq: 8
  feature_fraction: 0.619817105976215
  lambda_l1: 2.9620728443102124
  lambda_l2: 0.23225206359998862
  learning_rate: 0.032781876533976156
  max_depth: 9
  min_child_samples: 33
  n_estimators: 200
  num_leaves: 48
model_type: xgboost
n_folds: 3
timestamp: '20250909_194337'
