dataset_info:
  scaling_applied: true
  test_size: 340052
  train_size: 3228875
features:
  categorical:
  - type_sim_0.0
  - type_sim_1.0
  - type_sim_2.0
  continuous:
  - log(t)
  - log(t_coll/t_cc)
  - M_tot/M_crit
  - log(rho(R_h))
  - log(R_h/R_core)
  target:
  - M_MMO/M_tot
metrics:
  aggregate:
    mean_mae: 3665.9692924529104
    mean_r2: 0.36080598100967215
    mean_rmse: 4615.853158654324
    std_mae: 68.15160650495993
    std_r2: 0.013090957040211905
    std_rmse: 47.338294437427514
  per_fold:
  - fold: 0
    mae: 3689.4315324870995
    mse: 21390792.080082607
    r2: 0.3583101803750589
    rmse: 4625.018062676362
  - fold: 1
    mae: 3589.186009223203
    mse: 20835596.373302042
    r2: 0.37496517059733714
    rmse: 4564.60254275244
  - fold: 2
    mae: 3719.29033564843
    mse: 21696394.521633156
    r2: 0.34914259205662035
    rmse: 4657.938870534172
model_params:
  bagging_fraction: 0.6901318132260275
  bagging_freq: 1
  feature_fraction: 0.92096723025075
  lambda_l1: 4.481810814839289
  lambda_l2: 4.128632577540346
  learning_rate: 0.01892385563713782
  max_depth: 5
  min_child_samples: 26
  n_estimators: 400
  num_leaves: 112
  tweedie_variance_power: 1.1997030004621398
model_type: lightgbm
n_folds: 3
timestamp: '20250909_211209'
