dataset_info:
  scaling_applied: true
  test_size: 340052
  train_size: 3228875
features:
  categorical:
  - type_sim_0.0
  - type_sim_1.0
  - type_sim_2.0
  continuous:
  - log(t)
  - log(t_coll/t_cc)
  - M_tot/M_crit
  - log(rho(R_h))
  - log(R_h/R_core)
  target:
  - M_MMO/M_tot
metrics:
  aggregate:
    mean_mae: 3696.2300618489585
    mean_r2: 0.3943372170130412
    mean_rmse: 4493.090213024337
    std_mae: 62.503985099265144
    std_r2: 0.014700930843977911
    std_rmse: 54.34617224214558
  per_fold:
  - fold: 0
    mae: 3675.356201171875
    mse: 19926790.0
    r2: 0.4022279381752014
    rmse: 4463.943324012974
  - fold: 1
    mae: 3646.834228515625
    mse: 19887454.0
    r2: 0.4034079909324646
    rmse: 4459.535177571761
  - fold: 2
    mae: 3766.499755859375
    mse: 20755242.0
    r2: 0.3773757219314575
    rmse: 4555.792137488276
model_params:
  bagging_fraction: 0.4190422030313432
  bagging_freq: 4
  feature_fraction: 0.7227886177209483
  lambda_l1: 4.072236645382559
  lambda_l2: 4.427218302811227
  learning_rate: 0.01307829732050843
  max_depth: 3
  min_child_samples: 84
  n_estimators: 500
  num_leaves: 16
  tweedie_variance_power: 1.2780171863473313
model_type: xgboost
n_folds: 3
timestamp: '20250909_201515'
